48 27
0 0 0.025 358 805978 9335.92 278 100 0.0480526 100
0 0 0.025 399 830321 407.69 295 100 0 100
0 0 0.025 307 810421 290.223 231 100 0.0702308 100
0 0 0.025 304 806656 325.416 276 100 0.0628381 100
0 0 0.025 372 816203 393.011 248 100 0 100
0 0 0.025 336 805692 248.544 232 100 0 100
0 0 0.025 400 828112 276.357 270 100 0 100
0 0 0.025 350 827867 311.656 231 100 0 100
0 0 0.025 302 811471 349.565 259 100 0 100
0 0 0.025 303 805458 309.868 262 100 0.0665344 100
0 0 0.025 337 808721 346.567 246 100 0 100
0 0 0.025 347 818492 457.968 269 100 0 100
0 0 0.025 334 818634 392.862 277 100 0 100
0 0 0.025 348 827696 289.364 238 100 0 100
0 0 0.025 304 805919 543.379 294 100 0 100
0 0 0.025 304 811998 322.412 263 100 0 100
0 0 0.025 390 826315 394.852 282 100 0 100
0 0 0.025 349 811696 284.414 274 100 0.0628381 100
0 0 0.025 323 808671 306.376 293 100 0 100
0 0 0.025 310 821312 330.924 280 100 0.0628381 100
0 0 0.025 322 820989 373.288 279 100 0 100
1 0.138 0.025 383 819301 432.751 295 100 0 100
1 0.227 0.025 377 832640 463.386 274 100 0 100
0 0.243 0.025 378 813732 20 256 100 0.0628381 97.0814
0 0.259 0.025 365 808030 20 241 100 0.0591417 20
0 0.203 0.025 310 807748 20 300 100 0.0443563 20
0 0.254 0.025 305 829144 20 248 100 0.051749 20
0 0 0.025 326 820569 465.005 254 100 0 100
0 0 0.025 338 831024 363.701 239 100 0 100
0 0 0.025 362 822405 292.261 262 100 0 100
0 0 0.025 348 826357 552.028 278 100 0 100
0 0 0.025 360 805691 263.359 246 100 0 100
0 0 0.025 385 822446 420.67 296 100 0 100
0 0 0.025 383 815817 421.252 278 100 0 100
0 0 0.025 378 816364 487.653 287 100 0 100
0 0 0.025 346 818297 414.136 254 100 0 100
0 0 0.025 363 823297 520.079 288 100 0 100
0 0 0.025 351 823166 317.862 240 100 0 100
0 0 0.025 358 802806 393.251 243 100 0 100
0 0 0.025 336 824726 311.697 298 100 0 100
0 0 0.025 361 814964 301.856 252 100 0 100
0 0 0.025 383 831616 333.256 292 100 0 100
0 0 0.025 348 817595 298.522 240 100 0 100
0 0 0.025 340 810164 400.865 284 100 0 100
0 0 0.025 396 831972 441.855 261 100 0 100
0 0 0.025 384 811523 475.832 258 100 0 100
0 0 0.025 327 829934 526.181 298 100 0 100
0 0 0.025 397 807181 446.171 288 100 0 100
1 0.132 0.025 390 828283 370.279 279 100 0 100
1 0.13 0.025 382 804014 466.022 263 100 0 100
0 0.286 0.025 368 814876 36.5539 249 100 0.0374171 100
0 0.242 0.025 341 819395 20 292 100 0.0591417 20
0 0.274 0.025 323 801950 20 297 100 0.051749 20
0 0.255 0.025 317 812041 20 292 100 0.0591417 20
0 0 0.025 375 806335 373.742 249 100 0 100
0 0 0.025 324 821467 276.76 256 100 0.0665344 100
0 0 0.025 394 814628 407.53 262 100 0 100
0 0 0.025 359 815385 434.566 298 100 0 100
0 0 0.025 336 808599 324.792 258 100 0 100
0 0 0.025 369 803717 466.957 275 100 0 100
0 0 0.025 377 820938 299.442 274 100 0 100
0 0 0.025 311 820555 355.104 251 100 0 100
0 0 0.025 399 817210 286.617 252 100 0 100
0 0 0.025 390 813215 479.817 282 100 0 100
0 0 0.025 348 828900 299.612 250 100 0 100
0 0 0.025 396 807311 473.642 288 100 0 100
0 0 0.025 331 823274 316.822 234 100 0 100
0 0 0.025 340 828537 300.547 254 100 0 100
0 0 0.025 335 814935 347.331 269 100 0 100
0 0 0.025 375 810438 418.236 231 100 0 100
0 0 0.025 392 822695 411.298 237 100 0 100
0 0 0.025 400 813275 500.598 296 100 0 100
0 0 0.025 326 816325 465.794 241 100 0 100
0 0 0.025 357 801888 460.815 239 100 0 100
1 0.012 0.025 304 802695 482.251 270 100 0 100
1 0.097 0.025 313 818246 340.35 283 100 0 100
1 0.206 0.025 368 821255 410.143 251 100 0 100
0 0.289 0.025 379 808510 68.4707 287 100 0.0085815 100
0 0.218 0.025 349 825411 20 279 100 0.0443563 20
0 0.251 0.025 386 822136 20 237 100 0.0406599 20
0 0.259 0.025 337 813793 20 272 100 0.0443563 20
0 0 0.025 376 832222 377.24 242 100 0 100
0 0 0.025 304 820500 514.325 271 100 0 100
0 0 0.025 385 803123 287.769 279 100 0 100
0 0 0.025 396 823282 297.465 289 100 0 100
0 0 0.025 350 811192 334.207 285 100 0 100
0 0 0.025 367 829117 398.273 251 100 0 100
0 0 0.025 400 829504 394.426 232 100 0 100
0 0 0.025 362 811242 300.495 250 100 0 100
0 0 0.025 328 811492 356.276 249 100 0 100
0 0 0.025 323 819689 502.604 298 100 0 100
0 0 0.025 340 809903 484.128 256 100 0 100
0 0 0.025 368 802305 426.076 286 100 0 100
0 0 0.025 343 803070 386.242 271 100 0 100
0 0 0.025 352 817849 429.591 270 100 0 100
0 0 0.025 376 805218 390.795 238 100 0 100
0 0 0.025 367 830117 314.696 244 100 0 100
0 0 0.025 369 832076 415.38 290 100 0 100
0 0 0.025 387 831382 518.675 294 100 0 100
0 0 0.025 392 821963 502.219 294 100 0 100
0 0 0.025 400 809843 391.984 244 100 0 100
1 0.057 0.025 370 812318 401.544 284 100 0 100
1 0.05 0.025 310 821069 373.441 260 100 0 100
1 0.179 0.025 310 825330 448.492 249 100 0 100
1 0.221 0.025 349 825706 297.635 247 100 0 100
0 0.246 0.025 338 813431 20 248 100 0.0665344 92.7721
0 0.247 0.025 357 820827 20 283 100 0.0628381 20
0 0.285 0.025 301 809147 20 261 100 0.0628381 20
0 0 0.025 351 831068 336.587 293 100 0 100
0 0 0.025 322 806379 510.191 290 100 0 100
0 0 0.025 303 802694 299.081 281 100 0 100
0 0 0.025 347 809062 280.437 263 100 0.0628381 100
0 0 0.025 301 806566 435.608 291 100 0 100
0 0 0.025 319 809417 534.727 296 100 0 100
0 0 0.025 342 816046 288.486 279 100 0 100
0 0 0.025 399 827224 477.531 298 100 0 100
0 0 0.025 358 832545 430.816 254 100 0 100
0 0 0.025 356 821114 282.067 260 100 0 100
0 0 0.025 312 832740 442.186 268 100 0 100
0 0 0.025 383 816922 400.532 300 100 0 100
0 0 0.025 311 810585 458.283 293 100 0 100
0 0 0.025 371 828202 427.486 271 100 0 100
0 0 0.025 395 827577 378.48 289 100 0 100
0 0 0.025 339 826528 459.528 264 100 0 100
0 0 0.025 398 830461 308.288 254 100 0 100
0 0 0.025 347 831910 416.465 276 100 0 100
0 0 0.025 311 820697 340.06 257 100 0 100
0 0 0.025 387 828621 358.469 231 100 0 100
1 0.062 0.025 358 803224 425 266 100 0 100
1 0.122 0.025 383 820102 419.67 266 100 0 100
1 0.17 0.025 349 821465 274.184 231 100 0 100
1 0.143 0.025 310 825141 299.69 259 100 0.0665344 100
0 0.218 0.025 310 815487 20 265 100 0.0702308 89.1163
0 0.265 0.025 326 825485 20 246 100 0.0591417 20
0 0.223 0.025 315 826446 20 257 100 0.0739271 20
0 0 0.025 351 820002 438.545 237 100 0 100
0 0 0.025 335 825612 349.828 279 100 0 100
0 0 0.025 385 800590 257.992 248 100 0 100
0 0 0.025 310 811040 351.079 296 100 0 100
0 0 0.025 371 824026 376.878 293 100 0 100
0 0 0.025 354 829194 315.208 246 100 0 100
0 0 0.025 333 810256 291.55 280 100 0 100
0 0 0.025 392 801823 403.992 253 100 0 100
0 0 0.025 341 811296 471.391 287 100 0 100
0 0 0.025 337 802673 485.803 250 100 0 100
0 0 0.025 311 813557 323.191 257 100 0 100
0 0 0.025 310 805332 284.658 274 100 0 100
0 0 0.025 342 824569 309.253 231 100 0 100
0 0 0.025 366 831571 437.468 240 100 0 100
0 0 0.025 308 830807 377.767 259 100 0 100
0 0 0.025 396 811418 445.637 279 100 0 100
0 0 0.025 336 821170 331.214 293 100 0 100
0 0 0.025 342 830487 456.232 264 100 0 100
0 0 0.025 385 800372 419.12 285 100 0 100
0 0 0.025 395 810734 412.548 276 100 0 100
1 0.025 0.025 304 817440 300.913 276 100 0 100
1 0.069 0.025 395 818407 410.654 242 100 0 100
1 0.189 0.025 302 822603 513.423 265 100 0 100
0 0.26 0.025 371 815108 223.627 285 100 0.00873797 100
0 0.263 0.025 378 824871 77.5177 255 100 0.0443563 100
0 0.26 0.025 321 828773 20 287 100 0.0702308 20
0 0.223 0.025 322 800710 20 263 100 0.0480526 20
0 0 0.025 338 820379 501.692 297 100 0 100
0 0 0.025 337 808319 311.206 261 100 0 100
0 0 0.025 357 828066 285.695 260 100 0 100
0 0 0.025 360 831259 470.906 273 100 0 100
0 0 0.025 376 831507 268.138 264 100 0.0665344 100
0 0 0.025 330 814771 255.034 248 100 0.0702308 100
0 0 0.025 346 803665 517.797 290 100 0 100
0 0 0.025 372 829805 444.501 267 100 0 100
0 0 0.025 384 823998 445.517 267 100 0 100
0 0 0.025 370 814956 428.997 250 100 0 100
0 0 0.025 392 804921 267.086 236 100 0 100
0 0 0.025 356 809911 296.672 236 100 0 100
0 0 0.025 378 826997 266.35 257 100 0 100
0 0 0.025 383 832237 443.995 259 100 0 100
0 0 0.025 329 803306 461.455 288 100 0 100
0 0 0.025 359 825323 440.774 296 100 0 100
0 0 0.025 322 805484 317.39 273 100 0 100
0 0 0.025 374 802783 337.349 239 100 0 100
0 0 0.025 314 810929 436.657 269 100 0 100
0 0 0.025 338 813912 330.397 233 100 0 100
1 0.016 0.025 371 821832 429.868 283 100 0 100
1 0.053 0.025 375 806991 521.396 270 100 0 100
1 0.205 0.025 383 828367 448.775 276 100 0 100
0 0.25 0.025 382 827722 28.6014 237 100 0.0225168 100
0 0.209 0.025 352 826479 20 270 100 0.0702308 20
0 0.222 0.025 381 821238 20 243 100 0.0406599 20
0 0.256 0.025 331 831718 20 268 100 0.0591417 20
0 0 0.025 354 806390 450.776 269 100 0 100
0 0 0.025 301 820128 354.358 238 100 0 100
0 0 0.025 357 826553 424.93 298 100 0 100
0 0 0.025 320 828596 275.623 259 100 0.0702308 100
0 0 0.025 390 804245 430.374 278 100 0 100
0 0 0.025 322 802756 273.975 253 100 0 100
0 0 0.025 321 816498 458.317 266 100 0 100
0 0 0.025 309 832517 342.801 243 100 0 100
0 0 0.025 320 828367 333.857 232 100 0 100
0 0 0.025 364 825860 261.188 235 100 0 100
0 0 0.025 340 819951 488.693 294 100 0 100
0 0 0.025 339 818148 347.263 253 100 0 100
0 0 0.025 309 804700 416.494 299 100 0 100
0 0 0.025 378 825373 289.08 235 100 0 100
0 0 0.025 371 808760 288.962 236 100 0 100
0 0 0.025 388 801810 329.615 276 100 0 100
0 0 0.025 398 812519 272.76 255 100 0 100
0 0 0.025 361 813809 509.39 271 100 0 100
0 0 0.025 341 802582 318.285 251 100 0 100
0 0 0.025 349 814777 354.418 266 100 0 100
1 0.025 0.025 325 826420 283.992 275 100 0 100
1 0.123 0.025 399 814175 355.987 296 100 0 100
1 0.086 0.025 364 811473 537.511 298 100 0 100
0 0.223 0.025 340 815459 246.529 264 100 0.0431691 100
0 0.253 0.025 306 827011 20 293 100 0.0628381 20
0 0.278 0.025 359 819286 20 286 100 0.0480526 20
0 0.264 0.025 369 830266 20 289 100 0.051749 20
0 0 0.025 315 832294 457.097 289 100 0 100
0 0 0.025 346 814388 332.183 246 100 0 100
0 0 0.025 374 814373 286.005 273 100 0 100
0 0 0.025 313 820203 586.088 287 100 0 100
0 0 0.025 347 826402 302.68 263 100 0.0628381 100
0 0 0.025 373 831917 253.669 231 100 0.0628381 100
0 0 0.025 364 818966 293.127 279 100 0 100
0 0 0.025 320 826315 416.055 240 100 0 100
0 0 0.025 303 827950 319.26 300 100 0.0665344 100
0 0 0.025 363 829305 429.127 241 100 0 100
0 0 0.025 316 822076 249.961 246 100 0.0665344 100
0 0 0.025 310 805590 329.019 280 100 0 100
0 0 0.025 306 802511 426.024 298 100 0 100
0 0 0.025 377 800179 255.308 231 100 0 100
0 0 0.025 380 828809 493.983 290 100 0 100
0 0 0.025 392 805915 410.215 249 100 0 100
0 0 0.025 322 801386 487.056 273 100 0 100
0 0 0.025 361 826531 456.97 265 100 0 100
0 0 0.025 377 826916 400.258 239 100 0 100
0 0 0.025 324 808711 308.095 272 100 0.0628381 100
0 0 0.025 372 819388 319.24 246 100 0 100
1 0.151 0.025 397 809896 347.663 269 100 0 100
1 0.132 0.025 370 825851 332.115 293 100 0 100
0 0.257 0.025 372 809698 36.8697 247 100 0.019618 100
0 0.243 0.025 393 815751 20 262 100 0.051749 20
0 0.25 0.025 371 832343 20 291 100 0.0480526 20
0 0.279 0.025 388 809621 20 234 100 0.0665344 20
0 0 0.025 379 811160 481.519 292 100 0 100
0 0 0.025 323 813199 450.161 257 100 0 100
0 0 0.025 399 813025 368.184 273 100 0 100
0 0 0.025 373 821547 504.482 300 100 0 100
0 0 0.025 305 808635 305.111 296 100 0 100
0 0 0.025 312 809926 494.345 275 100 0 100
0 0 0.025 313 829371 477.941 289 100 0 100
0 0 0.025 352 825592 546.935 293 100 0 100
0 0 0.025 317 805830 275.619 245 100 0 100
0 0 0.025 361 812740 366.174 255 100 0 100
0 0 0.025 361 801401 491.252 290 100 0 100
0 0 0.025 389 824526 312.932 233 100 0 100
0 0 0.025 380 809636 485.508 281 100 0 100
0 0 0.025 382 824442 349.441 237 100 0 100
0 0 0.025 397 809980 260.562 239 100 0 100
0 0 0.025 388 814058 269.973 267 100 0 100
0 0 0.025 329 806258 302.9 271 100 0 100
0 0 0.025 364 831528 296.854 235 100 0 100
0 0 0.025 337 813006 323.351 294 100 0 100
0 0 0.025 391 823818 418.509 272 100 0 100
1 0.069 0.025 318 801410 503.486 291 100 0 100
1 0.089 0.025 368 821901 462.739 263 100 0 100
1 0.207 0.025 396 800971 254.867 243 100 0 100
0 0.22 0.025 381 820925 57.4071 259 100 0.0154249 100
0 0.285 0.025 376 827297 20 260 100 0.0443563 20
0 0.211 0.025 315 813151 20 244 100 0.0628381 20
0 0.22 0.025 315 811266 20 255 100 0.0739271 20
0 0 0.025 337 825339 333.533 248 100 0 100
0 0 0.025 315 802714 512.398 251 100 0 100
0 0 0.025 350 822780 396.214 300 100 0 100
0 0 0.025 378 826843 436.512 299 100 0 100
0 0 0.025 374 816118 298.379 274 100 0 100
0 0 0.025 391 804348 460.037 293 100 0 100
0 0 0.025 347 826463 508.056 264 100 0 100
0 0 0.025 303 830587 396.003 233 100 0 100
0 0 0.025 331 810545 283.569 282 100 0 100
0 0 0.025 327 816409 537.618 290 100 0 100
0 0 0.025 339 832342 571.423 295 100 0 100
0 0 0.025 358 811621 329.157 297 100 0 100
0 0 0.025 327 826320 318.347 284 100 0 100
0 0 0.025 376 811600 319.544 255 100 0 100
0 0 0.025 362 822514 421.849 276 100 0 100
0 0 0.025 376 831075 406.606 255 100 0 100
0 0 0.025 371 813871 421.549 275 100 0 100
0 0 0.025 340 820365 496.113 273 100 0 100
0 0 0.025 321 820801 551.01 292 100 0 100
0 0 0.025 359 812453 478.155 270 100 0 100
1 0.062 0.025 319 826039 527.326 256 100 0 100
1 0.16 0.025 397 825614 287.574 263 100 0 100
1 0.205 0.025 303 805176 364.232 298 100 0 100
0 0.238 0.025 330 819496 106.907 260 100 0.0225295 100
0 0.259 0.025 362 824046 20 242 100 0.051749 20
0 0.215 0.025 370 828009 20 296 100 0.0702308 20
0 0.217 0.025 367 822260 20 283 100 0.0591417 20
0 0 0.025 366 831322 354.165 244 100 0 100
0 0 0.025 369 813006 438.644 231 100 0 100
0 0 0.025 316 820685 256.336 239 100 0 100
0 0 0.025 360 825635 246.607 235 100 0.0665344 100
0 0 0.025 309 810493 436.45 292 100 0 100
0 0 0.025 321 804184 341.799 232 100 0 100
0 0 0.025 398 821893 414.297 274 100 0 100
0 0 0.025 330 824766 392.906 256 100 0 100
0 0 0.025 301 827466 484.662 294 100 0 100
0 0 0.025 368 805738 412.496 232 100 0 100
0 0 0.025 341 802755 462.144 265 100 0 100
0 0 0.025 303 800762 502.278 270 100 0 100
0 0 0.025 392 824663 245.298 234 100 0 100
0 0 0.025 385 830670 453.875 255 100 0 100
0 0 0.025 364 822428 241.438 233 100 0.0739271 100
0 0 0.025 349 811902 528.887 277 100 0 100
0 0 0.025 370 832188 266.106 253 100 0 100
0 0 0.025 354 828820 517.86 294 100 0 100
0 0 0.025 378 814672 427.089 243 100 0 100
1 0.017 0.025 350 810711 497.877 283 100 0 100
1 0.098 0.025 375 825201 406.173 279 100 0 100
1 0.197 0.025 307 826531 464.893 241 100 0 100
1 0.245 0.025 353 829645 298.598 279 100 0 100
0 0.266 0.025 345 824873 28.1749 282 100 0.0591417 100
0 0.215 0.025 330 805628 20 259 100 0.0591417 20
0 0.277 0.025 341 820363 20 295 100 0.0628381 20
0 0.207 0.025 342 814452 20 258 100 0.0628381 20
0 0 0.025 388 827176 264.466 249 100 0 100
0 0 0.025 345 822473 315.279 238 100 0 100
0 0 0.025 361 806814 475.36 272 100 0 100
0 0 0.025 321 801819 458.868 258 100 0 100
0 0 0.025 369 815688 300.561 261 100 0 100
0 0 0.025 399 825306 449.481 291 100 0 100
0 0 0.025 373 822080 364.324 296 100 0 100
0 0 0.025 399 819795 451.614 287 100 0 100
0 0 0.025 361 822577 458.092 265 100 0 100
0 0 0.025 334 818849 332.05 247 100 0 100
0 0 0.025 382 816764 329.283 245 100 0 100
0 0 0.025 301 802029 548.459 265 100 0 100
0 0 0.025 334 815735 401.769 248 100 0 100
0 0 0.025 378 820011 359.909 291 100 0 100
0 0 0.025 356 829400 420.782 255 100 0 100
0 0 0.025 308 827320 309.343 299 100 0 100
0 0 0.025 361 801416 470.192 231 100 0 100
0 0 0.025 375 823167 401.032 280 100 0 100
0 0 0.025 379 824939 483.525 266 100 0 100
1 0.068 0.025 395 821134 348.228 282 100 0 100
1 0.149 0.025 356 829927 429.745 289 100 0 100
1 0.197 0.025 317 832070 364.102 259 100 0 100
0 0.24 0.025 374 825902 244.839 275 100 0.0628381 100
0 0.23 0.025 384 801423 20 295 100 0.0591417 20
0 0.231 0.025 366 819352 20 271 100 0.0702308 20
0 0.227 0.025 341 803757 20 280 100 0.0628381 20
0 0.282 0.025 388 800656 20 282 100 0.0702308 20
0 0 0.025 325 801453 319.902 291 100 0 100
0 0 0.025 332 816860 441.381 261 100 0 100
0 0 0.025 366 824968 331.93 272 100 0 100
0 0 0.025 365 805454 378.268 275 100 0 100
0 0 0.025 360 831082 445.625 275 100 0 100
0 0 0.025 321 826143 496.141 278 100 0 100
0 0 0.025 306 809401 384.639 300 100 0 100
0 0 0.025 315 811906 533.428 297 100 0 100
0 0 0.025 326 828382 466.812 274 100 0 100
0 0 0.025 317 820528 281.771 273 100 0.0665344 100
0 0 0.025 398 822737 449.019 269 100 0 100
0 0 0.025 338 814843 321.201 245 100 0 100
0 0 0.025 385 831996 258.024 235 100 0.0665344 100
0 0 0.025 345 823984 345.468 243 100 0 100
0 0 0.025 340 832246 369.819 283 100 0 100
0 0 0.025 350 816077 471.479 264 100 0 100
0 0 0.025 361 801815 332.883 240 100 0 100
0 0 0.025 391 827598 256.192 245 100 0.0665344 100
0 0 0.025 351 824069 445.727 237 100 0 100
1 0.061 0.025 310 820266 393.86 256 100 0 100
1 0.198 0.025 372 809889 250.847 235 100 0 100
1 0.257 0.025 392 816946 416.976 287 100 0 100
0 0.267 0.025 319 805882 23.2339 234 100 0.0591417 100
0 0.256 0.025 327 831600 20 296 100 0.051749 20
0 0.277 0.025 356 832564 20 287 100 0.0554454 20
0 0.288 0.025 362 809016 20 282 100 0.0628381 20
0 0.25 0.025 343 818829 20 240 100 0.0739271 20
0 0 0.025 371 823684 347.949 288 100 0 100
0 0 0.025 352 800213 477.221 277 100 0 100
0 0 0.025 352 813663 451.411 284 100 0 100
0 0 0.025 388 804126 396.92 259 100 0 100
0 0 0.025 307 802399 418.996 237 100 0 100
0 0 0.025 386 823668 429.654 282 100 0 100
0 0 0.025 387 814849 336.634 271 100 0 100
0 0 0.025 303 808659 456.105 254 100 0 100
0 0 0.025 388 803048 467.441 235 100 0 100
0 0 0.025 384 811960 445.961 270 100 0 100
0 0 0.025 380 817734 308.89 233 100 0 100
0 0 0.025 392 817921 282.083 232 100 0 100
0 0 0.025 389 810498 308.878 268 100 0 100
0 0 0.025 333 809466 446.193 284 100 0 100
0 0 0.025 338 827476 519.107 278 100 0 100
0 0 0.025 384 831689 266.001 231 100 0 100
0 0 0.025 328 804070 330.255 246 100 0 100
0 0 0.025 370 808336 403.079 255 100 0 100
1 0.053 0.025 376 805833 467.495 295 100 0 100
1 0.012 0.025 365 831236 536.763 281 100 0 100
1 0.194 0.025 347 817588 450.854 254 100 0 100
0 0.254 0.025 362 807245 23.3662 260 100 0.0144932 100
0 0.256 0.025 347 831852 20 296 100 0.0480526 20
0 0.282 0.025 381 827490 20 255 100 0.0480526 20
0 0.222 0.025 315 823110 20 245 100 0.0665344 20
0 0.232 0.025 318 822599 20 269 100 0.0554454 20
0 0.246 0.025 376 824607 20 285 100 0.0406599 20
0 0 0.025 386 802767 300.665 279 100 0 100
0 0 0.025 376 820293 481.551 255 100 0 100
0 0 0.025 367 804057 428.705 267 100 0 100
0 0 0.025 326 807961 282.299 264 100 0.0665344 100
0 0 0.025 372 801047 417.364 242 100 0 100
0 0 0.025 316 808831 475.274 242 100 0 100
0 0 0.025 348 815849 521.454 293 100 0 100
0 0 0.025 366 813139 282.63 254 100 0 100
0 0 0.025 354 815563 450.91 297 100 0 100
0 0 0.025 356 829304 311.524 268 100 0 100
0 0 0.025 348 813163 288.72 249 100 0.0628381 100
0 0 0.025 375 809281 375.586 295 100 0 100
0 0 0.025 320 826980 306.737 294 100 0.0665344 100
0 0 0.025 353 815424 434.787 271 100 0 100
0 0 0.025 317 801063 555.283 296 100 0 100
0 0 0.025 315 806339 473.877 257 100 0 100
1 0.036 0.025 381 804775 402.95 247 100 0 100
0 0 0.025 310 803462 575.234 279 100 0 100
1 0.047 0.025 339 803512 273.289 271 100 0.0628381 100
1 0.084 0.025 326 832348 288.783 284 100 0.0628381 100
1 0.19 0.025 349 828489 494.942 278 100 0 100
0 0.277 0.025 318 815851 243.406 252 100 0.0538132 100
0 0.231 0.025 387 807383 20 268 100 0.0665344 20
0 0.284 0.025 362 831139 20 283 100 0.0702308 20
0 0.273 0.025 351 813780 20 286 100 0.0443563 20
0 0.239 0.025 397 800921 20 257 100 0.0739271 20
0 0.266 0.025 378 829911 20 279 100 0.051749 20
0 0 0.025 380 805111 298.82 263 100 0 100
0 0 0.025 304 819145 329.613 291 100 0 100
0 0 0.025 375 830484 240.297 235 100 0.0702308 100
0 0 0.025 301 815729 261.072 242 100 0.0665344 100
0 0 0.025 337 823160 427.174 296 100 0 100
0 0 0.025 366 828424 293.326 276 100 0.0628381 100
0 0 0.025 304 823121 354.435 277 100 0 100
0 0 0.025 305 806850 387.554 236 100 0 100
0 0 0.025 332 825139 408.402 271 100 0 100
0 0 0.025 371 821102 535.728 285 100 0 100
0 0 0.025 361 814087 312.578 288 100 0 100
0 0 0.025 372 829587 455.609 235 100 0 100
0 0 0.025 398 826013 492.38 257 100 0 100
0 0 0.025 376 811966 438.051 293 100 0 100
0 0 0.025 358 810307 261.692 235 100 0 100
1 0.066 0.025 377 810714 381.781 242 100 0 100
1 0.037 0.025 310 828483 315.943 269 100 0 100
1 0.053 0.025 379 820163 293.347 273 100 0 100
1 0.14 0.025 321 825407 501.127 250 100 0 100
1 0.136 0.025 332 818814 368.159 235 100 0 100
1 0.257 0.025 320 817857 424.474 277 100 0 100
0 0.258 0.025 343 809652 38.2121 293 100 0.0554454 100
0 0.226 0.025 339 821365 20 233 100 0.0480526 20
0 0.21 0.025 359 829024 20 266 100 0.0739271 20
0 0.26 0.025 356 803313 20 265 100 0.0628381 20
0 0.288 0.025 337 823256 20 275 100 0.0480526 20
0 0.298 0.025 337 824048 20 232 100 0.0554454 20
0 0 0.025 371 831384 418.097 244 100 0 100
0 0 0.025 319 820582 343.629 232 100 0 100
0 0 0.025 328 828012 343.939 256 100 0 100
0 0 0.025 357 808164 277.364 252 100 0.0628381 100
0 0 0.025 303 808700 459.385 291 100 0 100
0 0 0.025 316 827417 542.441 280 100 0 100
0 0 0.025 332 821698 430.395 278 100 0 100
0 0 0.025 305 815486 279.924 247 100 0 100
0 0 0.025 309 814312 499.247 284 100 0 100
0 0 0.025 304 800099 505.389 270 100 0 100
0 0 0.025 313 816556 506.919 290 100 0 100
0 0 0.025 320 803582 394.339 239 100 0 100
0 0 0.025 329 806714 406.504 232 100 0 100
0 0 0.025 355 831277 333.834 272 100 0 100
0 0 0.025 353 824089 527.832 278 100 0 100
1 0.032 0.025 339 819971 333.773 284 100 0 100
1 0.108 0.025 395 831900 444.823 295 100 0 100
1 0.1 0.025 386 816483 453.376 233 100 0 100
1 0.213 0.025 350 817406 470.123 263 100 0 100
1 0.203 0.025 302 802344 268.719 251 100 0.0628381 100
0 0.204 0.025 327 817160 102.828 293 100 0.00819876 100
0 0.276 0.025 306 807599 20 269 100 0.0591417 20
0 0.249 0.025 378 827768 20 248 100 0.051749 20
0 0.222 0.025 368 829134 20 287 100 0.0443563 20
0 0.276 0.025 336 829318 20 236 100 0.0628381 20
0 0.25 0.025 325 801381 20 251 100 0.0739271 20
0 0.299 0.025 379 824112 20 261 100 0.0628381 20
0 0 0.025 371 826168 259.756 242 100 0 100
0 0 0.025 333 831801 471.124 260 100 0 100
0 0 0.025 400 811962 427.892 268 100 0 100
0 0 0.025 332 827136 481.05 260 100 0 100
0 0 0.025 356 815838 428.537 298 100 0 100
0 0 0.025 395 826267 368.153 262 100 0 100
0 0 0.025 400 814650 289.629 278 100 0 100
0 0 0.025 356 808405 497.045 272 100 0 100
0 0 0.025 350 812796 393.89 246 100 0 100
0 0 0.025 316 806405 281.049 276 100 0 100
0 0 0.025 381 820090 459.141 294 100 0 100
0 0 0.025 393 826069 275.764 263 100 0 100
0 0 0.025 342 830059 243.946 235 100 0.0665344 100
0 0 0.025 370 819827 537.102 294 100 0 100
0 0 0.025 311 829962 533.075 285 100 0 100
1 0.118 0.025 337 816579 491.83 275 100 0 100
1 0.126 0.025 335 820402 301.054 294 100 0 100
1 0.2 0.025 320 827783 532.127 287 100 0 100
0 0.238 0.025 361 802223 51.0519 243 100 0.0162524 100
1 0.182 0.025 342 821664 284.537 272 100 0.0665344 100
0 0.221 0.025 334 820317 95.9235 239 100 0.035282 100
0 0.221 0.025 389 822476 20 236 100 0.0443563 20
0 0.246 0.025 337 803023 20 273 100 0.0443563 20
0 0.237 0.025 400 807827 20 255 100 0.0554454 20
0 0.294 0.025 375 826510 20 257 100 0.051749 20
0 0.251 0.025 306 826173 20 244 100 0.0702308 20
0 0.283 0.025 394 817966 20 300 100 0.0591417 20
0 0 0.025 334 824843 279.764 238 100 0.0628381 100
0 0 0.025 317 803282 278.886 236 100 0.0665344 100
0 0 0.025 373 805895 290.129 275 100 0 100
0 0 0.025 304 825817 267.221 261 100 0 100
0 0 0.025 381 824356 420.996 246 100 0 100
0 0 0.025 363 809527 477.543 285 100 0 100
0 0 0.025 350 816012 394.955 300 100 0 100
0 0 0.025 318 803936 301.416 260 100 0 100
0 0 0.025 361 819528 303.796 266 100 0 100
0 0 0.025 336 824477 307.75 293 100 0.0628381 100
0 0 0.025 366 812713 420.192 242 100 0 100
0 0 0.025 335 809800 316.609 243 100 0 100
0 0 0.025 325 805144 295.797 290 100 0 100
0 0 0.025 329 817994 333.31 237 100 0 100
1 0.14 0.025 317 813114 440.189 262 100 0 100
1 0.169 0.025 317 807872 453.817 247 100 0 100
1 0.162 0.025 354 824203 490.329 247 100 0 100
0 0.275 0.025 365 808386 35.7411 241 100 0.0375607 100
0 0.205 0.025 349 810203 20 247 100 0.0702308 20
0 0.263 0.025 335 812181 20 299 100 0.0702308 20
0 0.284 0.025 382 829781 20 299 100 0.0591417 20
0 0.261 0.025 321 830934 20 236 100 0.0480526 20
0 0.288 0.025 377 821489 20 247 100 0.0406599 20
0 0.299 0.025 305 817249 20 245 100 0.0406599 20
0 0.214 0.025 342 826507 20 261 100 0.0739271 20
0 0.221 0.025 345 822267 20 255 100 0.0443563 20
0 0.221 0.025 366 810218 20 266 100 0.0406599 20
0 0 0.025 367 825609 305.735 264 100 0 100
0 0 0.025 345 809349 432.487 235 100 0 100
0 0 0.025 334 802526 303.788 245 100 0 100
0 0 0.025 336 824259 302.293 285 100 0 100
0 0 0.025 333 804967 308.296 254 100 0 100
0 0 0.025 307 820228 313.463 244 100 0 100
0 0 0.025 309 803382 293.061 266 100 0 100
0 0 0.025 395 829384 370.313 233 100 0 100
0 0 0.025 372 817732 453.153 280 100 0 100
1 0.025 0.025 305 803990 269.31 231 100 0 100
0 0 0.025 307 825562 521.283 291 100 0 100
1 0.09 0.025 321 811424 406.908 258 100 0 100
1 0.045 0.025 394 828297 431.962 243 100 0 100
1 0.047 0.025 302 813624 505.056 291 100 0 100
1 0.087 0.025 317 830997 292.016 286 100 0.0628381 100
1 0.238 0.025 396 820618 363.634 281 100 0 100
1 0.293 0.025 361 823991 404.651 241 100 0 100
0 0.294 0.025 385 820283 20 267 100 0.0739271 20
0 0.294 0.025 314 823862 20 237 100 0.0554454 20
0 0.252 0.025 359 811746 20 294 100 0.051749 20
0 0.218 0.025 330 820630 20 233 100 0.0628381 20
0 0.293 0.025 332 809066 20 291 100 0.0554454 20
0 0.222 0.025 307 829036 20 248 100 0.0665344 20
0 0.233 0.025 345 805352 20 269 100 0.0480526 20
0 0.266 0.025 360 831530 20 289 100 0.0739271 20
0 0.202 0.025 318 809322 20 279 100 0.0443563 20
0 0.215 0.025 388 822226 20 256 100 0.0628381 20
1 0.00199998 0.025 388 830402 529.702 295 100 0 100
0 0 0.025 367 829676 434.151 264 100 0 100
0 0 0.025 365 819554 355.138 299 100 0 100
0 0 0.025 353 813510 414.028 300 100 0 100
0 0 0.025 371 813247 350.62 236 100 0 100
0 0 0.025 367 814648 262.912 260 100 0 100
0 0 0.025 367 832732 306.563 287 100 0 100
1 0.019 0.025 395 810880 273.147 257 100 0 100
1 0.051 0.025 367 823519 510.106 293 100 0 100
1 0.099 0.025 337 817410 418.878 291 100 0 100
1 0.114 0.025 332 823788 255.125 254 100 0 100
1 0.07 0.025 331 832737 242.447 234 100 0.0702308 100
1 0.12 0.025 351 826002 246.11 234 100 0 100
1 0.179 0.025 381 823502 443.193 276 100 0 100
1 0.176 0.025 303 806800 339.011 247 100 0 100
1 0.152 0.025 326 827017 266.339 250 100 0.0628381 100
0 0.217 0.025 342 807870 57.8512 269 100 0.00706592 100
0 0.291 0.025 336 808159 20 285 100 0.0406599 20
0 0.28 0.025 341 823640 20 291 100 0.0554454 20
0 0.233 0.025 386 829741 20 279 100 0.0480526 20
0 0.209 0.025 333 823557 20 261 100 0.0702308 20
0 0.28 0.025 355 831151 20 241 100 0.0591417 20
0 0.288 0.025 382 807752 20 275 100 0.0628381 20
0 0.269 0.025 392 827432 20 257 100 0.0591417 20
0 0.225 0.025 313 810821 20 284 100 0.051749 20
0 0.212 0.025 379 827809 20 233 100 0.0554454 20
0 0.285 0.025 388 807419 20 232 100 0.0739271 20
1 0.118 0.025 348 820049 468.254 239 100 0 100
1 0.016 0.025 327 801633 483.473 299 100 0 100
1 0.021 0.025 347 830451 263.446 231 100 0 100
1 0.017 0.025 308 824074 376.336 235 100 0 100
1 0.027 0.025 374 811021 263.58 245 100 0 100
1 0.12 0.025 357 824383 281.667 231 100 0 100
1 0.162 0.025 351 830711 391.897 236 100 0 100
1 0.044 0.025 370 815533 292.829 281 100 0 100
1 0.058 0.025 353 827814 262.334 256 100 0.0702308 100
1 0.038 0.025 355 826131 287.05 243 100 0.0628381 100
1 0.145 0.025 335 820356 306.922 295 100 0 100
1 0.196 0.025 340 807840 248.58 238 100 0 100
1 0.124 0.025 345 830684 536.896 285 100 0 100
0 0.277 0.025 362 828892 197.983 248 100 0.024385 100
1 0.213 0.025 313 810919 347.547 256 100 0 100
0 0.251 0.025 395 813641 24.7346 281 100 0.0141394 100
0 0.237 0.025 323 809658 24.8313 242 100 0.0322725 100
0 0.237 0.025 396 829484 20 255 100 0.0554454 20
0 0.262 0.025 395 812703 20 291 100 0.0739271 20
0 0.25 0.025 318 828441 20 237 100 0.0665344 20
0 0.251 0.025 340 829100 20 245 100 0.0591417 20
0 0.28 0.025 330 820782 20 298 100 0.0406599 20
0 0.281 0.025 344 802826 20 247 100 0.0406599 20
0 0.259 0.025 307 832048 20 291 100 0.0554454 20
0 0.238 0.025 348 828366 20 277 100 0.0554454 20
0 0.259 0.025 362 804322 20 282 100 0.0665344 20
0 0.211 0.025 399 826713 20 296 100 0.0480526 20
1 0.134 0.025 386 804422 318.428 267 100 0 100
1 0.09 0.025 312 822664 353.701 275 100 0 100
1 0.188 0.025 372 811692 414.333 233 100 0 100
1 0.119 0.025 316 803979 532.382 273 100 0 100
1 0.149 0.025 323 814278 287.25 269 100 0 100
1 0.084 0.025 383 821081 494.515 279 100 0 100
1 0.156 0.025 301 804622 348.688 265 100 0 100
1 0.168 0.025 390 805655 248.481 241 100 0 100
1 0.18 0.025 311 829245 370.552 298 100 0 100
1 0.18 0.025 351 810993 337.675 257 100 0 100
1 0.21 0.025 349 831666 315.015 248 100 0 100
1 0.191 0.025 318 816683 261.115 240 100 0.0665344 100
0 0.277 0.025 327 830196 217.753 275 100 0.0610472 100
0 0.211 0.025 358 813955 20 264 100 0.0665344 20
0 0.253 0.025 302 819885 20 285 100 0.0739271 20
0 0.282 0.025 374 816149 20 290 100 0.0443563 20
0 0.283 0.025 337 813017 20 256 100 0.051749 20
0 0.229 0.025 400 805209 20 261 100 0.0480526 20
0 0.211 0.025 374 805376 20 256 100 0.0591417 20
0 0.235 0.025 321 811775 20 256 100 0.0554454 20
0 0.282 0.025 354 801700 20 242 100 0.0554454 20
0 0.24 0.025 307 829610 20 255 100 0.0628381 20
0 0.259 0.025 355 817247 20 238 100 0.0702308 20
0 0.238 0.025 382 809184 20 262 100 0.0591417 20
0 0.274 0.025 391 816440 20 262 100 0.0591417 20
0 0.244 0.025 375 811178 20 231 100 0.0554454 20
0 0.263 0.025 320 825655 20 283 100 0.0406599 20
0 0.279 0.025 374 811184 47.7149 285 100 0.0158559 100
1 0.135 0.025 343 822344 349.44 270 100 0 100
1 0.15 0.025 390 815073 285.128 231 100 0 100
1 0.157 0.025 370 820459 338.747 298 100 0 100
1 0.212 0.025 354 827612 410.907 252 100 0 100
1 0.172 0.025 334 831804 268.207 260 100 0.0628381 100
1 0.126 0.025 325 800445 328.467 241 100 0 100
0 0.266 0.025 382 808543 173.403 276 100 0.0292068 100
0 0.247 0.025 313 827130 281.837 287 100 0.0262394 100
0 0.258 0.025 324 825684 103.505 253 100 0.00412524 100
0 0.229 0.025 324 819563 270.992 300 100 0.0484025 100
0 0.271 0.025 345 829112 197.722 256 100 0.0739271 100
0 0.233 0.025 399 808127 23.5665 248 100 0.0591417 100
0 0.227 0.025 348 830219 20 293 100 0.0702308 20
0 0.228 0.025 356 832740 20 275 100 0.051749 20
0 0.24 0.025 371 807779 20 245 100 0.0406599 20
0 0.227 0.025 350 821807 20 238 100 0.0702308 20
0 0.216 0.025 350 814783 20 250 100 0.0591417 20
0 0.21 0.025 364 832324 20 296 100 0.0628381 20
0 0.255 0.025 305 807509 20 260 100 0.0702308 20
0 0.213 0.025 396 829716 20 243 100 0.0480526 20
0 0.226 0.025 354 812943 20 266 100 0.0591417 20
0 0.207 0.025 345 805729 20 252 100 0.0665344 20
0 0.279 0.025 342 809107 20 253 100 0.0739271 20
0 0.249 0.025 385 818609 20 285 100 0.0665344 20
0 0.246 0.025 346 800902 20 258 100 0.0739271 20
0 0.204 0.025 349 804761 20 254 100 0.0480526 20
0 0.244 0.025 354 808691 20 232 100 0.0406599 20
0 0.252 0.025 350 825529 20 241 100 0.0628381 98.1988
0 0.287 0.025 390 801271 21.4309 256 100 0.0414145 100
1 0.163 0.025 312 815084 315.543 294 100 0.0628381 100
0 0.203 0.025 336 823585 48.7355 277 100 0.00989308 100
0 0.224 0.025 306 804475 114.102 299 100 0.0139627 100
0 0.235 0.025 371 811817 96.0875 268 100 0.0226994 100
0 0.202 0.025 381 824139 20 243 100 0.0739271 20
0 0.245 0.025 349 807654 20 241 100 0.0443563 20
0 0.295 0.025 385 806752 20 255 100 0.0739271 20
0 0.208 0.025 353 830516 20 300 100 0.0406599 20
0 0.254 0.025 348 814129 20 279 100 0.0628381 20
0 0.202 0.025 373 821157 20 281 100 0.0591417 20
0 0.205 0.025 338 816537 20 254 100 0.0739271 20
0 0.297 0.025 350 805931 20 273 100 0.0628381 20
0 0.268 0.025 365 816241 20 248 100 0.0702308 20
0 0.281 0.025 303 800807 20 294 100 0.0406599 20
0 0.277 0.025 384 812050 20 254 100 0.0628381 20
0 0.269 0.025 335 817021 20 241 100 0.0443563 20
0 0.24 0.025 360 818255 20 294 100 0.051749 20
0 0.254 0.025 359 832154 20 290 100 0.0480526 20
0 0.217 0.025 360 819883 20 254 100 0.0554454 20
0 0.282 0.025 400 819862 20 296 100 0.0554454 20
0 0.265 0.025 346 825555 20 288 100 0.0443563 20
0 0.207 0.025 319 811220 20 271 100 0.0628381 20
0 0.292 0.025 321 811944 20 292 100 0.0665344 20
0 0.276 0.025 318 822475 20 241 100 0.0554454 20
0 0.282 0.025 360 802138 20 279 100 0.0406599 20
0 0.25 0.025 390 823518 20 293 100 0.0739271 20
0 0.205 0.025 345 802406 20 271 100 0.0406599 20
0 0.279 0.025 391 825205 20 252 100 0.0702308 20
0 0.242 0.025 301 824431 20 277 100 0.0739271 20
0 0.27 0.025 391 832431 20 273 100 0.0591417 20
0 0.253 0.025 319 830288 20 242 100 0.0591417 20
0 0.291 0.025 311 830813 20 300 100 0.0665344 20
0 0.212 0.025 310 814042 20 270 100 0.0665344 20
0 0.248 0.025 386 808501 20 234 100 0.0628381 20
0 0.288 0.025 312 824594 20 235 100 0.0406599 20
0 0.244 0.025 321 818777 20 275 100 0.0628381 20
0 0.217 0.025 304 804855 20 270 100 0.0406599 20
0 0.225 0.025 391 809115 20 294 100 0.0591417 20
0 0.239 0.025 331 824078 20 237 100 0.0702308 20
0 0.294 0.025 369 824117 20 284 100 0.0591417 20
0 0.28 0.025 361 815690 20 236 100 0.0443563 20
0 0.221 0.025 333 829383 20 270 100 0.0406599 20
0 0.236 0.025 379 827661 20 241 100 0.051749 20
0 0.254 0.025 372 818645 20 265 100 0.0480526 20
0 0.251 0.025 315 825169 20 279 100 0.051749 20
0 0.211 0.025 389 818466 20 284 100 0.0739271 20
0 0.268 0.025 335 813112 20 272 100 0.0443563 20
0 0.209 0.025 316 829849 20 253 100 0.0665344 20
0 0.264 0.025 397 804762 20 254 100 0.0443563 20
0 0.263 0.025 398 813214 20 293 100 0.051749 20
0 0.286 0.025 312 822599 20 249 100 0.0628381 20
0 0.239 0.025 380 831489 20 267 100 0.0406599 20
0 0.264 0.025 364 815126 20 249 100 0.0443563 20
0 0.296 0.025 308 829682 20 293 100 0.0554454 20
0 0.22 0.025 310 800761 20 248 100 0.0443563 20
0 0.215 0.025 351 808339 20 260 100 0.0554454 20
0 0.293 0.025 392 826797 20 296 100 0.0554454 20
0 0.271 0.025 362 824873 20 252 100 0.0554454 20
0 0.234 0.025 305 804804 20 294 100 0.0406599 20
0 0.226 0.025 349 824059 20 289 100 0.0739271 20
0 0.23 0.025 364 827412 20 256 100 0.0665344 20
0 0.278 0.025 302 827995 20 281 100 0.0443563 20
0 0.203 0.025 377 813519 20 270 100 0.0702308 20
0 0.273 0.025 346 806514 20 296 100 0.0702308 20
0 0.214 0.025 314 810972 20 274 100 0.0406599 20
0 0.229 0.025 367 832699 20 288 100 0.0702308 20
0 0.215 0.025 353 820254 20 288 100 0.0554454 20
0 0.252 0.025 338 829793 20 278 100 0.0443563 20
0 0.281 0.025 328 818124 20 300 100 0.0702308 20
0 0.221 0.025 361 811731 20 249 100 0.0665344 20
0 0.248 0.025 371 829965 20 297 100 0.0443563 20
0 0.264 0.025 368 820807 20 272 100 0.0739271 20
0 0.239 0.025 311 819569 20 238 100 0.0702308 20
0 0.263 0.025 364 805900 20 277 100 0.0554454 20
0 0.257 0.025 316 822784 20 277 100 0.0628381 20
0 0.244 0.025 343 830168 20 260 100 0.0665344 20
0 0.269 0.025 333 808180 20 293 100 0.0702308 20
0 0.216 0.025 325 826226 20 245 100 0.0480526 20
0 0.213 0.025 311 828506 20 244 100 0.0554454 20
0 0.263 0.025 394 828008 20 232 100 0.0554454 20
0 0.206 0.025 368 826413 20 241 100 0.0443563 20
0 0.214 0.025 327 816055 20 270 100 0.0591417 20
0 0.278 0.025 331 813996 20 280 100 0.0480526 20
0 0.255 0.025 308 803977 20 257 100 0.0591417 20
0 0.258 0.025 391 803062 20 258 100 0.0443563 20
0 0.274 0.025 336 805238 20 232 100 0.0406599 20
0 0.247 0.025 361 822831 20 275 100 0.0591417 20
0 0.278 0.025 303 820209 20 248 100 0.051749 20
0 0.285 0.025 390 810690 20 275 100 0.0591417 20
0 0.207 0.025 359 815035 20 272 100 0.0702308 20
0 0.236 0.025 357 807030 20 290 100 0.051749 20
0 0.201 0.025 391 813470 20 260 100 0.0480526 20
0 0.235 0.025 390 831343 20 258 100 0.0554454 20
0 0.275 0.025 321 809664 20 248 100 0.0480526 20
0 0.261 0.025 356 819549 20 295 100 0.0628381 20
0 0.213 0.025 346 811070 20 256 100 0.0480526 20
0 0.262 0.025 379 805721 20 278 100 0.0665344 20
0 0.295 0.025 326 810234 20 272 100 0.0665344 20
0 0.286 0.025 379 810822 20 289 100 0.0665344 20
0 0.215 0.025 310 832458 20 297 100 0.0702308 20
0 0.276 0.025 368 807089 20 242 100 0.0739271 20
0 0.256 0.025 327 811605 20 245 100 0.0443563 20
0 0.232 0.025 327 829061 20 236 100 0.0480526 20
0 0.298 0.025 395 813426 20 247 100 0.0591417 20
0 0.234 0.025 310 804366 20 294 100 0.0628381 20
0 0.283 0.025 324 814525 20 248 100 0.0480526 20
0 0.251 0.025 321 802073 20 285 100 0.0406599 20
0 0.255 0.025 391 807870 20 271 100 0.051749 20
0 0.273 0.025 324 805954 20 250 100 0.0443563 20
0 0.258 0.025 331 810207 20 254 100 0.0665344 20
0 0.276 0.025 347 831390 20 276 100 0.051749 20
0 0.275 0.025 370 820979 20 250 100 0.0739271 20
0 0.287 0.025 307 815983 20 262 100 0.0665344 20
0 0.289 0.025 370 800302 20 297 100 0.051749 20
0 0.241 0.025 395 816001 20 256 100 0.0739271 20
0 0.243 0.025 342 823732 20 288 100 0.0591417 20
0 0.224 0.025 355 804699 20 265 100 0.0702308 20
0 0.263 0.025 308 820521 20 237 100 0.0554454 20
0 0.216 0.025 315 828019 20 253 100 0.0443563 20
0 0.292 0.025 351 826859 20 236 100 0.0665344 20
0 0.222 0.025 397 812801 20 246 100 0.0702308 20
0 0.205 0.025 364 821468 20 255 100 0.0665344 20
0 0.279 0.025 349 828193 20 275 100 0.0554454 20
0 0.229 0.025 339 810472 20 237 100 0.051749 20
0 0.259 0.025 374 801641 20 288 100 0.0480526 20
0 0.266 0.025 322 800934 20 252 100 0.0702308 20
0 0.296 0.025 397 815907 20 274 100 0.0480526 20
0 0.215 0.025 392 813513 20 249 100 0.0406599 20
0 0.286 0.025 319 827835 20 282 100 0.0406599 20
0 0.209 0.025 400 811835 20 282 100 0.051749 20
0 0.248 0.025 336 820786 20 240 100 0.0554454 20
0 0.233 0.025 369 815386 20 261 100 0.0702308 20
0 0.243 0.025 357 826511 20 289 100 0.0665344 20
0 0.28 0.025 323 814059 20 234 100 0.0665344 20
0 0.258 0.025 362 814751 20 248 100 0.0665344 20
0 0.299 0.025 326 812222 20 291 100 0.0480526 20
0 0.215 0.025 340 811144 20 285 100 0.0443563 20
0 0.286 0.025 393 813602 20 252 100 0.051749 20
0 0.274 0.025 355 803585 20 250 100 0.0406599 20
0 0.246 0.025 388 818446 20 235 100 0.0480526 20
0 0.274 0.025 315 806946 20 266 100 0.0554454 20
0 0.254 0.025 365 831280 20 276 100 0.051749 20
0 0.241 0.025 321 816431 20 263 100 0.051749 20
0 0.277 0.025 373 802880 20 276 100 0.0665344 20
0 0.271 0.025 378 801481 20 298 100 0.0591417 20
0 0.297 0.025 340 816715 20 253 100 0.0406599 20
0 0.228 0.025 346 822894 20 247 100 0.0665344 20
0 0.285 0.025 324 814348 20 261 100 0.0443563 20
0 0.27 0.025 323 815916 20 239 100 0.051749 20
0 0.244 0.025 360 803539 20 292 100 0.0628381 20
0 0.248 0.025 356 820460 20 299 100 0.0628381 20
0 0.243 0.025 335 814475 20 287 100 0.0406599 20
0 0.24 0.025 326 823505 20 268 100 0.0591417 20
0 0.294 0.025 314 831702 20 283 100 0.0665344 20
0 0.272 0.025 322 826991 20 299 100 0.0443563 20
0 0.279 0.025 351 800352 20 255 100 0.0591417 20
0 0.224 0.025 364 815338 20 293 100 0.0443563 20
0 0.258 0.025 349 801748 20 296 100 0.0739271 20
0 0.27 0.025 310 824391 20 249 100 0.0739271 20
0 0.24 0.025 392 800283 20 294 100 0.0665344 20
0 0.284 0.025 382 805480 20 280 100 0.0739271 20
0 0.284 0.025 343 802758 20 239 100 0.0406599 20
0 0.257 0.025 322 814219 20 275 100 0.0480526 20
0 0.274 0.025 327 800986 20 275 100 0.0443563 20
0 0.286 0.025 307 813390 20 253 100 0.0702308 20
0 0.209 0.025 391 800858 20 295 100 0.051749 20
0 0.211 0.025 308 801922 20 289 100 0.0406599 20
0 0.269 0.025 397 812083 20 267 100 0.0480526 20
0 0.208 0.025 306 812361 20 286 100 0.0702308 20
0 0.291 0.025 365 819842 20 258 100 0.0628381 20
0 0.282 0.025 368 804959 20 253 100 0.051749 20
0 0.255 0.025 385 831312 20 233 100 0.0591417 20
0 0.277 0.025 340 812926 20 263 100 0.0739271 20
0 0.294 0.025 389 828461 20 261 100 0.0702308 20
0 0.245 0.025 348 832562 20 251 100 0.0702308 20
0 0.257 0.025 324 818009 20 264 100 0.0739271 20
0 0.234 0.025 381 807843 20 236 100 0.0591417 20
0 0.289 0.025 336 810581 20 238 100 0.0406599 20
0 0.258 0.025 342 801308 20 255 100 0.0443563 20
0 0.239 0.025 368 831511 20 281 100 0.0406599 20
0 0.296 0.025 388 813139 20 289 100 0.0480526 20
0 0.204 0.025 398 822587 20 269 100 0.0554454 20
0 0.225 0.025 305 825795 20 248 100 0.0739271 20
0 0.27 0.025 354 819415 20 261 100 0.0480526 20
0 0.255 0.025 385 830108 20 251 100 0.0739271 20
0 0.254 0.025 332 826094 20 268 100 0.0480526 20
0 0.29 0.025 338 800007 20 252 100 0.0665344 20
0 0.253 0.025 336 802190 20 269 100 0.0591417 20
0 0.219 0.025 358 831706 20 298 100 0.051749 20
0 0.289 0.025 380 821267 20 271 100 0.0739271 20
0 0.294 0.025 316 822771 20 262 100 0.0554454 20
0 0.206 0.025 318 807996 20 273 100 0.051749 20
0 0.209 0.025 350 827593 20 293 100 0.0480526 20
0 0.248 0.025 397 806626 20 235 100 0.051749 20
0 0.266 0.025 395 825847 20 256 100 0.0443563 20
0 0.218 0.025 307 812691 20 274 100 0.0480526 20
0 0.205 0.025 381 816342 20 263 100 0.0480526 20
0 0.229 0.025 306 828524 20 272 100 0.0628381 20
0 0.229 0.025 377 826966 20 281 100 0.0628381 20
0 0.223 0.025 308 825305 20 272 100 0.0406599 20
0 0.286 0.025 355 810167 20 259 100 0.0406599 20
0 0.203 0.025 326 810021 20 278 100 0.051749 20
0 0.272 0.025 337 821723 20 283 100 0.0739271 20
0 0.226 0.025 316 816907 20 279 100 0.0628381 20
0 0.286 0.025 323 806204 20 239 100 0.0480526 20
0 0.266 0.025 334 815519 20 262 100 0.0628381 20
0 0.244 0.025 384 819153 20 289 100 0.0591417 20
0 0.295 0.025 342 829765 20 278 100 0.0480526 20
0 0.295 0.025 379 824165 20 270 100 0.0665344 20
0 0.202 0.025 374 818325 20 235 100 0.0443563 20
0 0.255 0.025 373 821298 20 292 100 0.0702308 20
0 0.239 0.025 302 800863 20 271 100 0.0628381 20
0 0.298 0.025 386 818870 20 255 100 0.0628381 20
0 0.257 0.025 336 824105 20 256 100 0.0443563 20
0 0.21 0.025 392 825631 20 234 100 0.0443563 20
0 0.241 0.025 338 829913 20 295 100 0.0739271 20
0 0.294 0.025 385 816840 20 275 100 0.0554454 20
0 0.208 0.025 398 810607 20 249 100 0.051749 20
0 0.277 0.025 354 814481 20 254 100 0.0554454 20
0 0.233 0.025 313 803322 20 282 100 0.0554454 20
0 0.292 0.025 365 823329 20 277 100 0.051749 20
0 0.291 0.025 365 812331 20 263 100 0.0406599 20
0 0.236 0.025 376 810319 20 246 100 0.0406599 20
0 0.222 0.025 334 825140 20 232 100 0.0591417 20
0 0.217 0.025 368 816198 20 255 100 0.0406599 20
0 0.208 0.025 322 807127 20 287 100 0.0406599 20
0 0.27 0.025 370 829985 20 278 100 0.0628381 20
0 0.285 0.025 342 809420 20 261 100 0.0480526 20
0 0.224 0.025 324 831759 20 289 100 0.051749 20
0 0.253 0.025 381 831721 20 247 100 0.0443563 20
0 0.271 0.025 385 816707 20 281 100 0.051749 20
0 0.241 0.025 382 816056 20 237 100 0.0665344 20
0 0.233 0.025 392 803643 20 246 100 0.0443563 20
0 0.206 0.025 379 819284 20 283 100 0.0702308 20
0 0.239 0.025 363 808989 20 253 100 0.0665344 20
0 0.205 0.025 383 812233 20 288 100 0.0591417 20
0 0.229 0.025 333 815173 20 261 100 0.0480526 20
0 0.221 0.025 301 815438 20 253 100 0.0480526 20
0 0.244 0.025 361 802611 20 247 100 0.0739271 20
0 0.231 0.025 306 818955 20 283 100 0.0628381 20
0 0.288 0.025 364 803703 20 239 100 0.0665344 20
0 0.287 0.025 358 803666 20 270 100 0.0739271 20
0 0.247 0.025 346 826968 20 234 100 0.0702308 20
0 0.223 0.025 368 812907 20 281 100 0.0628381 20
0 0.268 0.025 368 803390 20 267 100 0.0665344 20
0 0.283 0.025 353 829286 20 283 100 0.0480526 20
0 0.223 0.025 387 823080 20 239 100 0.051749 20
0 0.276 0.025 377 818840 20 271 100 0.0665344 20
0 0.231 0.025 398 830398 20 271 100 0.0554454 20
0 0.269 0.025 372 816799 20 240 100 0.0739271 20
0 0.25 0.025 347 811702 20 297 100 0.0628381 20
0 0.238 0.025 312 824875 20 247 100 0.0406599 20
0 0.255 0.025 384 808870 20 260 100 0.0443563 20
0 0.237 0.025 391 802531 20 251 100 0.0480526 20
0 0.213 0.025 356 807810 20 253 100 0.0702308 20
0 0.22 0.025 399 824843 20 256 100 0.0443563 20
0 0.248 0.025 315 821318 20 271 100 0.0739271 20
0 0.26 0.025 400 813550 20 231 100 0.0591417 20
0 0.229 0.025 318 806062 20 291 100 0.0554454 20
0 0.267 0.025 312 816652 20 263 100 0.051749 20
0 0.234 0.025 331 803808 20 272 100 0.0480526 20
0 0.263 0.025 330 819865 20 285 100 0.0406599 20
0 0.25 0.025 388 817778 20 299 100 0.051749 20
0 0.291 0.025 376 831448 20 235 100 0.0443563 20
0 0.241 0.025 328 821565 20 293 100 0.0591417 20
0 0.267 0.025 349 810071 20 239 100 0.0443563 20
0 0.283 0.025 368 825294 20 293 100 0.0739271 20
0 0.253 0.025 343 822545 20 280 100 0.0628381 20
0 0.298 0.025 354 816001 20 276 100 0.0665344 20
0 0.244 0.025 393 827649 20 298 100 0.0443563 20
0 0.243 0.025 383 830848 20 243 100 0.0406599 20
0 0.294 0.025 355 816565 20 234 100 0.0665344 20
0 0.255 0.025 369 827713 20 294 100 0.0406599 20
0 0.277 0.025 349 821461 20 274 100 0.0554454 20
0 0.299 0.025 329 800311 20 256 100 0.0702308 20
0 0.206 0.025 316 828098 20 246 100 0.0406599 20
0 0.257 0.025 370 815827 20 256 100 0.0628381 20
0 0.231 0.025 301 803002 20 246 100 0.0739271 20
0 0.201 0.025 332 809990 20 281 100 0.0702308 20
0 0.224 0.025 356 809243 20 280 100 0.0554454 20
0 0.216 0.025 302 816101 20 260 100 0.0591417 20
0 0.26 0.025 307 803526 20 275 100 0.0702308 20
0 0.228 0.025 319 803612 20 298 100 0.051749 20
0 0.263 0.025 375 823467 20 251 100 0.0702308 20
0 0.211 0.025 321 820306 20 242 100 0.0406599 20
0 0.227 0.025 347 828675 20 267 100 0.0443563 20
0 0.232 0.025 334 824756 20 300 100 0.0739271 20
0 0.293 0.025 335 830410 20 289 100 0.0554454 20
0 0.217 0.025 368 824371 20 240 100 0.0702308 20
0 0.278 0.025 365 828015 20 235 100 0.0739271 20
0 0.276 0.025 369 804168 20 257 100 0.0480526 20
0 0.232 0.025 373 828125 20 273 100 0.0406599 20
0 0.248 0.025 311 821042 20 255 100 0.0739271 20
0 0.271 0.025 375 811586 20 298 100 0.0443563 20
0 0.229 0.025 318 800010 20 259 100 0.0480526 20
0 0.23 0.025 370 804930 20 282 100 0.0480526 20
0 0.285 0.025 301 824100 20 240 100 0.0406599 20
0 0.234 0.025 311 803189 20 284 100 0.0480526 20
0 0.209 0.025 334 803221 20 269 100 0.0665344 20
0 0.234 0.025 323 821355 20 256 100 0.0554454 20
0 0.244 0.025 389 830936 20 231 100 0.0443563 20
0 0.219 0.025 386 828033 20 249 100 0.0591417 20
0 0.224 0.025 330 809441 20 240 100 0.0480526 20
0 0.298 0.025 326 805450 20 243 100 0.0591417 20
0 0.285 0.025 318 810538 20 293 100 0.0628381 20
0 0.287 0.025 354 821093 20 297 100 0.051749 20
0 0.211 0.025 313 826742 20 252 100 0.0406599 20
0 0.239 0.025 376 807918 20 247 100 0.051749 20
0 0.278 0.025 309 820316 20 285 100 0.0443563 20
0 0.213 0.025 333 817644 20 256 100 0.0702308 20
0 0.203 0.025 349 832482 20 296 100 0.0443563 20
0 0.219 0.025 355 808812 20 272 100 0.0739271 20
0 0.242 0.025 398 814503 20 262 100 0.0443563 20
0 0.29 0.025 338 820781 20 238 100 0.0628381 20
0 0.231 0.025 332 807278 20 274 100 0.0406599 20
0 0.278 0.025 388 822274 20 277 100 0.0554454 20
0 0.262 0.025 368 804622 20 272 100 0.051749 20
0 0.26 0.025 356 805716 20 239 100 0.0702308 20
0 0.285 0.025 357 826637 20 271 100 0.0480526 20
0 0.219 0.025 324 817015 20 234 100 0.0739271 20
0 0.218 0.025 306 803699 20 270 100 0.0406599 20
0 0.283 0.025 305 812705 20 231 100 0.0739271 20
0 0.277 0.025 310 813974 20 297 100 0.0443563 20
0 0.22 0.025 361 805830 20 279 100 0.0628381 20
0 0.214 0.025 355 821485 20 284 100 0.0406599 20
0 0.225 0.025 304 801967 20 283 100 0.0480526 20
0 0.224 0.025 379 820276 20 264 100 0.0591417 20
0 0.276 0.025 344 818428 20 245 100 0.0702308 20
0 0.283 0.025 383 801114 20 295 100 0.0480526 20
0 0.208 0.025 361 812279 20 262 100 0.0665344 20
0 0.224 0.025 331 811547 20 249 100 0.0406599 20
0 0.22 0.025 369 815967 20 258 100 0.0406599 20
0 0.216 0.025 355 830001 20 232 100 0.0406599 20
0 0.229 0.025 389 801685 20 266 100 0.0702308 20
0 0.219 0.025 354 829309 20 250 100 0.051749 20
0 0.257 0.025 347 818642 20 268 100 0.0443563 20
0 0.21 0.025 338 827291 20 245 100 0.0554454 20
0 0.218 0.025 306 810315 20 297 100 0.051749 20
0 0.217 0.025 380 800189 20 272 100 0.0591417 20
0 0.288 0.025 322 813174 20 295 100 0.0406599 20
0 0.207 0.025 321 827075 20 235 100 0.051749 20
0 0.208 0.025 340 823749 20 295 100 0.0628381 20
0 0.205 0.025 329 827107 20 231 100 0.0443563 20
0 0.226 0.025 382 809874 20 243 100 0.0443563 20
0 0.252 0.025 393 830314 20 233 100 0.051749 20
0 0.214 0.025 389 813084 20 275 100 0.0591417 20
0 0.22 0.025 301 812113 20 299 100 0.0665344 20
0 0.29 0.025 349 812726 20 278 100 0.051749 20
0 0.266 0.025 302 820415 20 286 100 0.0554454 20
0 0.201 0.025 382 821662 20 295 100 0.0406599 20
0 0.248 0.025 316 800438 20 236 100 0.051749 20
0 0.204 0.025 311 810011 20 298 100 0.0739271 20
0 0.257 0.025 367 800111 20 274 100 0.0443563 20
0 0.218 0.025 358 820941 20 265 100 0.0665344 20
0 0.275 0.025 349 830272 20 250 100 0.0406599 20
0 0.28 0.025 387 811087 20 294 100 0.051749 20
0 0.268 0.025 304 822009 20 276 100 0.0665344 20
0 0.232 0.025 340 828070 20 242 100 0.0406599 20
0 0.275 0.025 319 825878 20 256 100 0.0702308 20
0 0.266 0.025 302 807440 20 232 100 0.0591417 20
0 0.229 0.025 311 804933 20 257 100 0.0628381 20
0 0.269 0.025 315 811045 20 251 100 0.0480526 20
0 0.204 0.025 357 825862 20 262 100 0.0406599 20
0 0.256 0.025 399 814709 20 291 100 0.0702308 20
0 0.254 0.025 315 829301 20 247 100 0.0406599 20
0 0.286 0.025 348 808454 20 273 100 0.0591417 20
0 0.253 0.025 384 806268 20 297 100 0.0739271 20
0 0.269 0.025 378 808277 20 252 100 0.0628381 20
0 0.209 0.025 354 818940 20 252 100 0.0739271 20
0 0.214 0.025 388 822479 20 257 100 0.0628381 20
0 0.259 0.025 337 816309 20 234 100 0.051749 20
0 0.284 0.025 339 807394 20 283 100 0.0665344 20
0 0.248 0.025 385 826862 20 275 100 0.0702308 20
0 0.225 0.025 383 813836 20 290 100 0.0443563 20
0 0.271 0.025 304 817458 20 273 100 0.0443563 20
0 0.261 0.025 304 822165 20 287 100 0.0591417 20
0 0.296 0.025 324 832407 20 300 100 0.0554454 20
0 0.237 0.025 400 816090 20 289 100 0.0480526 20
0 0.254 0.025 365 812655 20 273 100 0.0702308 20
0 0.283 0.025 367 820048 20 267 100 0.0554454 20
0 0.216 0.025 311 808528 20 285 100 0.0665344 20
0 0.249 0.025 389 809896 20 233 100 0.0628381 20
0 0.29 0.025 341 820182 20 250 100 0.051749 20
0 0.242 0.025 367 819391 20 282 100 0.0406599 20
0 0.283 0.025 327 818575 20 247 100 0.0591417 20
0 0.236 0.025 354 800570 20 272 100 0.051749 20
0 0.207 0.025 390 820207 20 238 100 0.0554454 20
0 0.234 0.025 313 807936 20 258 100 0.0702308 20
0 0.246 0.025 318 820030 20 288 100 0.0628381 20
0 0.272 0.025 347 805104 20 276 100 0.0665344 20
0 0.207 0.025 391 818394 20 274 100 0.051749 20
0 0.3 0.025 375 823172 20 259 100 0.0665344 20
0 0.264 0.025 357 819278 20 267 100 0.0480526 20
0 0.212 0.025 378 831558 20 254 100 0.051749 20
0 0.294 0.025 331 826880 20 261 100 0.0739271 20
0 0.296 0.025 379 826934 20 280 100 0.0554454 20
0 0.23 0.025 318 825485 20 247 100 0.0739271 20
0 0.275 0.025 313 819100 20 246 100 0.0628381 20
0 0.233 0.025 382 808711 20 284 100 0.0591417 20
0 0.224 0.025 371 809435 20 237 100 0.0665344 20
0 0.272 0.025 321 821685 20 259 100 0.0665344 20
0 0.274 0.025 336 818232 20 299 100 0.0554454 20
0 0.212 0.025 312 812036 20 273 100 0.0591417 20
0 0.239 0.025 358 820666 20 245 100 0.0665344 20
0 0.296 0.025 366 823750 20 297 100 0.051749 20
0 0.275 0.025 388 822410 20 298 100 0.0443563 20
0 0.254 0.025 313 815861 20 238 100 0.0591417 20
0 0.269 0.025 323 807293 20 269 100 0.0591417 20
0 0.272 0.025 394 819350 20 299 100 0.0554454 20
0 0.247 0.025 304 825520 20 285 100 0.0480526 20
0 0.265 0.025 394 808559 20 277 100 0.0554454 20
0 0.281 0.025 329 804952 20 290 100 0.0443563 20
0 0.227 0.025 302 821416 20 232 100 0.0591417 20
0 0.233 0.025 346 811323 20 269 100 0.0480526 20
0 0.259 0.025 303 817557 20 269 100 0.0443563 20
0 0.287 0.025 394 807017 20 275 100 0.0628381 20
0 0.292 0.025 327 828219 20 261 100 0.0554454 20
0 0.208 0.025 305 823345 20 259 100 0.0591417 20
0 0.287 0.025 357 821578 20 271 100 0.0665344 20
0 0.28 0.025 373 826977 20 263 100 0.0443563 20
0 0.275 0.025 364 826275 20 248 100 0.0554454 20
0 0.218 0.025 321 821332 20 231 100 0.051749 20
0 0.227 0.025 353 820904 20 232 100 0.0702308 20
0 0.299 0.025 328 803170 20 251 100 0.0628381 20
0 0.207 0.025 320 824797 20 284 100 0.0628381 20
0 0.25 0.025 337 800418 20 295 100 0.0702308 20
0 0.245 0.025 329 800433 20 284 100 0.051749 20
0 0.202 0.025 319 830248 20 260 100 0.0480526 20
0 0.24 0.025 396 828511 20 297 100 0.0665344 20
0 0.24 0.025 340 813598 20 275 100 0.051749 20
0 0.22 0.025 361 828229 20 252 100 0.0702308 20
0 0.273 0.025 373 809068 20 248 100 0.0554454 20
0 0.297 0.025 332 803117 20 255 100 0.0628381 20
0 0.207 0.025 306 816591 20 284 100 0.0739271 20
0 0.289 0.025 393 827733 20 246 100 0.0406599 20
0 0.269 0.025 321 818566 20 280 100 0.0665344 20
0 0.249 0.025 343 802355 20 265 100 0.0554454 20
0 0.299 0.025 325 827654 20 277 100 0.0591417 20
0 0.289 0.025 338 823382 20 242 100 0.0406599 20
0 0.28 0.025 361 809810 20 235 100 0.0665344 20
0 0.286 0.025 305 819407 20 288 100 0.0480526 20
0 0.247 0.025 349 829925 20 257 100 0.0591417 20
0 0.253 0.025 339 804602 20 291 100 0.0739271 20
0 0.28 0.025 369 827478 20 286 100 0.0591417 20
0 0.213 0.025 396 826542 20 279 100 0.0739271 20
0 0.217 0.025 324 810526 20 290 100 0.0406599 20
0 0.293 0.025 346 811291 20 293 100 0.0554454 20
0 0.25 0.025 386 817699 20 294 100 0.0628381 20
0 0.255 0.025 339 827866 20 255 100 0.0480526 20
0 0.288 0.025 309 822777 20 244 100 0.0443563 20
0 0.294 0.025 366 811769 20 276 100 0.0554454 20
0 0.252 0.025 380 801530 20 260 100 0.0480526 20
0 0.281 0.025 366 832018 20 251 100 0.0480526 20
0 0.282 0.025 399 810394 20 251 100 0.0739271 20
0 0.267 0.025 375 812454 20 238 100 0.0554454 20
0 0.273 0.025 349 800688 20 255 100 0.0628381 20
0 0.256 0.025 305 831834 20 258 100 0.0665344 20
0 0.21 0.025 368 800898 20 255 100 0.0702308 20
0 0.241 0.025 319 803007 20 237 100 0.0665344 20
0 0.24 0.025 372 803284 20 240 100 0.0665344 20
0 0.279 0.025 360 828883 20 240 100 0.0702308 20
0 0.26 0.025 348 813908 20 268 100 0.0406599 20
0 0.228 0.025 302 812382 20 262 100 0.0739271 20
0 0.283 0.025 330 811536 20 271 100 0.0443563 20
0 0.265 0.025 338 826062 20 282 100 0.0665344 20
0 0.276 0.025 311 829403 20 269 100 0.0554454 20
0 0.24 0.025 324 810573 20 243 100 0.0591417 20
0 0.298 0.025 314 800462 20 258 100 0.0480526 20
0 0.289 0.025 381 826141 20 232 100 0.0554454 20
0 0.236 0.025 330 816969 20 295 100 0.0591417 20
0 0.233 0.025 334 829821 20 288 100 0.0591417 20
0 0.22 0.025 339 826141 20 287 100 0.0406599 20
0 0.224 0.025 389 825002 20 257 100 0.0702308 20
0 0.29 0.025 301 810690 20 236 100 0.0443563 20
0 0.291 0.025 348 810679 20 295 100 0.0628381 20
0 0.252 0.025 329 817619 20 254 100 0.0702308 20
0 0.28 0.025 364 804683 20 247 100 0.051749 20
0 0.228 0.025 363 801306 20 232 100 0.051749 20
0 0.218 0.025 358 808849 20 285 100 0.051749 20
0 0.294 0.025 301 815348 20 248 100 0.0443563 20
0 0.294 0.025 366 813269 20 234 100 0.0702308 20
0 0.208 0.025 388 823515 20 236 100 0.0665344 20
0 0.212 0.025 321 806053 20 281 100 0.0443563 20
0 0.264 0.025 361 829779 20 240 100 0.051749 20
0 0.214 0.025 394 809073 20 236 100 0.0480526 20
0 0.299 0.025 316 813452 20 270 100 0.0406599 20
0 0.212 0.025 363 826366 20 291 100 0.0591417 20
0 0.26 0.025 358 820856 20 264 100 0.0591417 20
0 0.285 0.025 375 814892 20 232 100 0.0443563 20
0 0.237 0.025 400 810798 20 257 100 0.0480526 20
0 0.206 0.025 392 830676 20 244 100 0.0665344 20
0 0.252 0.025 337 824003 20 262 100 0.0443563 20
0 0.269 0.025 370 830419 20 238 100 0.0739271 20
0 0.212 0.025 365 818440 20 272 100 0.0480526 20
0 0.291 0.025 359 828539 20 298 100 0.0554454 20
0 0.288 0.025 308 805839 20 278 100 0.0665344 20
0 0.3 0.025 364 819198 20 256 100 0.0628381 20
0 0.222 0.025 310 828581 20 294 100 0.0628381 20
0 0.283 0.025 374 811158 20 276 100 0.0591417 20
0 0.222 0.025 370 832282 20 286 100 0.0554454 20
0 0.201 0.025 356 808043 20 259 100 0.0443563 20
0 0.263 0.025 373 819739 20 258 100 0.0591417 20
0 0.297 0.025 329 813712 20 284 100 0.0739271 20
0 0.235 0.025 373 804580 20 271 100 0.0665344 20
0 0.25 0.025 316 825486 20 231 100 0.0406599 20
0 0.275 0.025 318 807567 20 294 100 0.0702308 20
0 0.251 0.025 325 809038 20 277 100 0.0406599 20
0 0.277 0.025 398 804693 20 295 100 0.0443563 20
0 0.298 0.025 323 815463 20 268 100 0.0480526 20
0 0.258 0.025 308 819446 20 242 100 0.0665344 20
0 0.277 0.025 363 806431 20 263 100 0.0628381 20
0 0.249 0.025 320 814052 20 231 100 0.0554454 20
0 0.235 0.025 313 809877 20 250 100 0.051749 20
0 0.221 0.025 313 810271 20 231 100 0.0591417 20
0 0.262 0.025 323 824821 20 298 100 0.0739271 20
0 0.23 0.025 354 814324 20 231 100 0.0739271 20
0 0.219 0.025 333 808105 20 239 100 0.0739271 20
0 0.246 0.025 348 815344 20 286 100 0.0480526 20
0 0.229 0.025 367 819160 20 253 100 0.0702308 20
0 0.251 0.025 331 820673 20 277 100 0.0628381 20
0 0.248 0.025 331 810941 20 252 100 0.051749 20
0 0.255 0.025 348 800749 20 251 100 0.051749 20
0 0.265 0.025 330 819096 20 288 100 0.0628381 20
0 0.288 0.025 396 807547 20 277 100 0.0480526 20
0 0.224 0.025 339 817477 20 287 100 0.0480526 20
0 0.272 0.025 319 802047 20 281 100 0.051749 20
0 0.297 0.025 398 801730 20 234 100 0.0628381 20
0 0.239 0.025 376 831154 20 282 100 0.0591417 20
0 0.201 0.025 394 806438 20 240 100 0.0406599 20
0 0.272 0.025 319 811636 20 278 100 0.0665344 20
0 0.274 0.025 301 819671 20 241 100 0.0406599 20
0 0.249 0.025 397 817138 20 232 100 0.0665344 20
0 0.297 0.025 395 805382 20 270 100 0.0628381 20
0 0.216 0.025 364 809027 20 260 100 0.0702308 20
0 0.209 0.025 359 807865 20 240 100 0.0443563 20
0 0.299 0.025 338 809136 20 238 100 0.0628381 20
0 0.274 0.025 379 807141 20 281 100 0.0554454 20
0 0.287 0.025 375 820371 20 279 100 0.0628381 20
0 0.243 0.025 330 819815 20 240 100 0.0406599 20
0 0.207 0.025 344 819046 20 290 100 0.0443563 20
0 0.261 0.025 377 800746 20 231 100 0.0480526 20
0 0.237 0.025 374 811643 20 253 100 0.0480526 20
0 0.235 0.025 329 821739 20 299 100 0.0628381 20
0 0.226 0.025 326 812538 20 234 100 0.051749 20
0 0.287 0.025 315 807296 20 244 100 0.0665344 20
0 0.227 0.025 345 826124 20 249 100 0.0628381 20
0 0.235 0.025 390 828049 20 239 100 0.0406599 20
0 0.28 0.025 305 822629 20 297 100 0.0628381 20
0 0.239 0.025 318 827553 20 283 100 0.0591417 20
0 0.258 0.025 371 810126 20 284 100 0.0665344 20
0 0.242 0.025 377 801626 20 269 100 0.0739271 20
0 0.229 0.025 343 807315 20 232 100 0.0628381 20
0 0.207 0.025 373 821107 20 235 100 0.0628381 20
0 0.271 0.025 380 832520 20 247 100 0.0443563 20
0 0.213 0.025 309 807345 20 239 100 0.0554454 20
0 0.238 0.025 399 801158 20 295 100 0.0591417 20
0 0.289 0.025 359 820498 20 275 100 0.051749 20
0 0.251 0.025 311 814340 20 291 100 0.051749 20
0 0.252 0.025 354 809566 20 284 100 0.0406599 20
0 0.28 0.025 357 812991 20 270 100 0.051749 20
0 0.218 0.025 379 808622 20 240 100 0.0591417 20
0 0.231 0.025 311 801681 20 282 100 0.0739271 20
0 0.204 0.025 354 831416 20 244 100 0.051749 20
0 0.224 0.025 383 823007 20 247 100 0.0554454 20
0 0.212 0.025 306 823255 20 278 100 0.0739271 20
0 0.234 0.025 350 832650 20 280 100 0.051749 20
0 0.285 0.025 301 801056 20 251 100 0.0480526 20
0 0.239 0.025 376 822921 20 267 100 0.0702308 20
0 0.214 0.025 380 818709 20 233 100 0.0702308 20
0 0.257 0.025 365 808982 20 281 100 0.0480526 20
0 0.249 0.025 347 802731 20 243 100 0.0591417 20
0 0.202 0.025 343 826508 20 292 100 0.0702308 20
0 0.229 0.025 309 814012 20 287 100 0.0443563 20
0 0.218 0.025 309 832113 20 287 100 0.0739271 20
0 0.206 0.025 396 828447 20 262 100 0.0739271 20
0 0.233 0.025 326 826944 20 241 100 0.051749 20
0 0.202 0.025 373 824830 20 271 100 0.0665344 20
0 0.241 0.025 326 808683 20 280 100 0.0739271 20
0 0.256 0.025 367 813602 20 263 100 0.0480526 20
0 0.277 0.025 311 824879 20 297 100 0.0406599 20
0 0.212 0.025 398 813635 20 282 100 0.0480526 20
0 0.208 0.025 366 801071 20 253 100 0.0591417 20
0 0.228 0.025 355 806062 20 289 100 0.0591417 20
0 0.204 0.025 364 805365 20 287 100 0.0702308 20
0 0.206 0.025 328 810679 20 246 100 0.0554454 20
0 0.21 0.025 385 829638 20 283 100 0.0554454 20
0 0.283 0.025 387 806857 20 251 100 0.0480526 20
0 0.265 0.025 351 820330 20 284 100 0.0739271 20
0 0.268 0.025 337 817698 20 238 100 0.0554454 20
0 0.253 0.025 340 815836 20 236 100 0.0739271 20
0 0.218 0.025 370 820084 20 258 100 0.0739271 20
0 0.279 0.025 345 825343 20 270 100 0.0702308 20
0 0.241 0.025 371 810750 20 274 100 0.0406599 20
0 0.259 0.025 337 814659 20 249 100 0.0702308 20
0 0.201 0.025 342 814050 20 266 100 0.0702308 20
0 0.265 0.025 328 820583 20 276 100 0.0702308 20
0 0.216 0.025 383 814532 20 288 100 0.0554454 20
0 0.217 0.025 312 816567 20 296 100 0.0480526 20
0 0.23 0.025 337 803563 20 251 100 0.0443563 20
0 0.242 0.025 349 813688 20 267 100 0.0480526 20
0 0.272 0.025 315 807558 20 249 100 0.0591417 20
0 0.234 0.025 370 824417 20 290 100 0.0591417 20
0 0.284 0.025 320 820929 20 244 100 0.0665344 20
0 0.263 0.025 318 826705 20 250 100 0.0443563 20
0 0.256 0.025 383 823748 20 282 100 0.0665344 20
0 0.296 0.025 302 813215 20 242 100 0.0443563 20
0 0.296 0.025 313 821730 20 258 100 0.0702308 20
0 0.266 0.025 323 825277 20 268 100 0.051749 20
0 0.244 0.025 322 813177 20 253 100 0.051749 20
0 0.228 0.025 327 819459 20 300 100 0.0443563 20
0 0.223 0.025 391 817231 20 237 100 0.0443563 20
0 0.229 0.025 308 825048 20 231 100 0.0406599 20
0 0.264 0.025 308 824181 20 288 100 0.0702308 20
0 0.263 0.025 385 800666 20 269 100 0.0480526 20
0 0.214 0.025 308 820731 20 263 100 0.0591417 20
0 0.207 0.025 324 824049 20 273 100 0.0702308 20
0 0.267 0.025 392 807409 20 283 100 0.0628381 20
0 0.243 0.025 370 806768 20 239 100 0.0443563 20
